"long","larg","haut","sexe","prp1"
1,93,74,37,"M",2
2,94,78,35,"M",2.22857142857143
3,96,80,35,"M",2.28571428571429
4,101,84,39,"M",2.15384615384615
5,102,85,38,"M",2.23684210526316
6,103,81,37,"M",2.18918918918919
7,104,83,39,"M",2.12820512820513
8,106,83,39,"M",2.12820512820513
9,107,82,38,"M",2.15789473684211
10,112,89,40,"M",2.225
11,113,88,41,"M",2.14634146341463
12,114,86,40,"M",2.15
13,116,90,43,"M",2.09302325581395
14,117,90,41,"M",2.19512195121951
15,117,91,41,"M",2.21951219512195
16,119,93,41,"M",2.26829268292683
17,120,89,40,"M",2.225
18,120,93,44,"M",2.11363636363636
19,121,95,42,"M",2.26190476190476
20,125,93,45,"M",2.06666666666667
21,127,96,45,"M",2.13333333333333
22,128,95,45,"M",2.11111111111111
23,131,95,46,"M",2.06521739130435
24,135,106,47,"M",2.25531914893617
25,98,81,38,"F",2.13157894736842
26,103,84,38,"F",2.21052631578947
27,103,86,42,"F",2.04761904761905
28,105,86,40,"F",2.15
29,109,88,44,"F",2
30,123,92,50,"F",1.84
31,123,95,46,"F",2.06521739130435
32,133,99,51,"F",1.94117647058824
33,133,102,51,"F",2
34,133,105,41,"F",2.5609756097561
35,134,100,48,"F",2.08333333333333
36,136,102,49,"F",2.08163265306122
37,137,98,51,"F",1.92156862745098
38,138,99,51,"F",1.94117647058824
39,141,105,53,"F",1.9811320754717
40,147,108,57,"F",1.89473684210526
41,149,107,55,"F",1.94545454545455
42,153,107,56,"F",1.91071428571429
43,155,115,63,"F",1.82539682539683
44,155,117,60,"F",1.95
45,158,115,62,"F",1.85483870967742
46,159,118,63,"F",1.87301587301587
47,162,124,61,"F",2.0327868852459
48,177,132,67,"F",1.97014925373134
